-------------------
DADOS DA INSTÂNCIA 
-------------------
Tamanho do conjunto: 100 
Soma objetivo: 7509
Soma da configuração ótima fornecida: 7509
-----------
RESULTADOS
-----------
Melhor soma encontrada: 7350
Média das somas encontradas: 6881.8
Media da duração da execução (nanosegundos): 535224402.27
Media da duração da execução (segundos): 0.53522

-----------
Melhor solução encontrada se encontra à 2.12% de distância da solução ótima fornecida.
Média das soluções encontradas se encontra à 8.35% de distância da solução ótima fornecida.
-----------
A solução ótima foi alcançada 1 vezes de 30
Soluções encontradas: [6783, 7232, 6883, 6857, 6877, 6627, 6741, 7350, 7307, 6620, 6764, 6648, 7140, 7246, 7243, 6905, 6657, 6607, 7090, 7008, 7103, 6939, 7031, 6904, 6725, 6642, 6651, 6440, 6389, 7045] 
-----------
DETALHAMENTO
-----------
Multiset: [97, 175, 77, 14, 136, 123, 32, 123, 198, 97, 185, 76, 158, 31, 132, 87, 165, 39, 162, 104, 16, 41, 127, 72, 108, 117, 186, 108, 49, 123, 176, 87, 6, 198, 155, 82, 198, 200, 31, 101, 79, 35, 65, 126, 24, 11, 137, 35, 134, 24, 195, 115, 160, 160, 102, 149, 129, 124, 56, 65, 171, 85, 190, 28, 47, 122, 126, 137, 107, 144, 3, 22, 142, 124, 153, 4, 131, 99, 189, 109, 144, 66, 60, 126, 150, 115, 82, 165, 170, 89, 112, 37, 105, 153, 181, 8, 164, 81, 102, 99]
Configuração ótima fornecida: [3, 97, 6, 101, 155, 87, 198, 107, 137, 136, 99, 176, 175, 108, 127, 39, 79, 123, 105, 31, 153, 87, 24, 160, 185, 123, 82, 165, 31, 126, 158, 56, 24, 108, 198, 104, 8, 124, 49, 200, 72, 160, 115, 65, 4, 66, 190, 137, 144, 126, 165, 150, 81, 129, 32, 123, 134, 171, 28, 164, 22, 76, 60, 89, 35, 65, 99, 102, 189, 112, 109, 41]
Configuração geradora da soma resultante: [97, 175, 77, 32, 123, 198, 97, 185, 76, 158, 132, 87, 162, 41, 127, 72, 186, 123, 176, 87, 6, 155, 82, 200, 31, 101, 79, 35, 126, 24, 11, 137, 35, 115, 160, 160, 102, 124, 56, 65, 171, 190, 28, 122, 107, 144, 3, 22, 142, 124, 4, 131, 99, 189, 109, 66, 60, 126, 150, 115, 82, 170, 89, 112, 37, 153, 181, 8, 102, 99]
